1
1000
1004
1008
101
1010
1010
1014
1014
1016
1020
1024
1024
1024
1025
1028
103
103
1031
1032
1036
1039
104
1040
1052
1056
1057
106
106
1061
1061
1062
1062
1064
1065
1068
1069
1070
1070
1070
1072
1073
1074
1074
1078
1080
1081
1082
1083
1086
1088
1090
1090
1092
1100
1103
1103
1104
1109
1110
1112
1114
1115
1115
1118
1119
1120
1125
113
1130
1132
1133
1133
1136
1138
1142
1142
1146
1147
1148
1149
115
1154
1155
1156
1164
1166
1168
118
1180
1181
1182
1183
1184
1186
1186
1189
1191
1193
1195
1197
120
1201
1202
1210
1211
1211
1213
1217
1218
1221
1221
1222
1223
1223
1226
1229
1232
1233
1237
1239
1242
1243
1247
1247
1247
1249
125
1250
1252
1253
1254
1257
127
1270
1271
1273
1273
1273
1274
1284
1285
1289
1293
1298
1299
1302
1302
1304
1308
1309
1310
1314
1315
1317
1317
1317
1318
132
1321
1327
1336
1339
1340
1343
1345
1345
1347
1355
1355
1357
136
1360
1363
1373
1375
1377
1382
1385
1386
1389
139
1409
1414
1416
1416
1417
1418
1420
1420
1423
1424
1426
1427
1428
1428
1429
1429
143
1436
1437
144
1441
1450
1450
1451
1454
1461
1463
1468
1473
1474
1480
1481
1488
149
1490
1495
1495
1497
1497
150
1500
1501
1506
1506
1507
1509
1511
1515
152
1521
1525
1527
1527
1527
1536
1537
1537
1538
1538
1540
1540
1544
1544
1546
1547
1547
1549
155
1550
1550
1551
1551
1553
1555
1556
1559
1560
1563
1566
157
1570
1571
1572
1572
1573
1574
1578
158
1580
1580
1581
1585
1588
159
1590
1591
1593
1595
1598
16
1600
161
1611
1611
1612
1618
1622
1624
1626
163
1631
1632
1638
1639
164
1642
1643
1649
165
165
1652
1652
1654
1655
1655
1655
1658
1658
166
166
1661
1663
1664
1666
1666
1666
1668
1669
167
1675
1675
1675
1677
1678
1685
1686
1690
1698
1699
17
1703
1705
171
1712
1714
1722
1723
1723
1724
1728
173
1730
1732
1733
1736
1738
1741
1741
1744
1745
1749
175
1750
1751
1754
1754
176
1763
1764
1765
1766
1767
1768
177
177
177
1771
1773
1775
1776
1778
1778
1783
1787
1790
1791
1792
1793
1793
1796
1797
1797
1800
1803
1807
1807
1809
1809
1811
1816
1818
1821
1821
1824
1826
1827
1828
1829
1829
1830
1830
1835
1836
1837
1840
1842
1845
1848
1849
1851
1852
1855
1855
1855
1858
1861
1862
1863
1863
1864
1865
1866
1866
1869
1871
1873
1876
1877
1878
1882
1882
1886
1890
1890
1891
1897
1900
1901
1903
1904
1906
1909
191
1910
1911
1912
1914
1916
1916
1919
1922
1926
1933
1936
1941
1943
1951
1951
1952
1954
1954
1955
1956
1957
1962
1963
1965
1968
1971
1971
1973
1975
1977
198
1982
1984
1986
199
1992
1997
2000
2003
2004
2005
2006
2006
2009
201
2013
2016
2018
2021
2023
2024
2024
2024
2031
2032
2037
2037
2041
2042
2045
2046
2052
2056
2057
2057
2060
2060
2061
2064
2065
2067
2069
2069
2069
207
2070
2076
2080
2080
2081
2082
2084
2084
2085
2088
2093
2096
21
210
2100
2101
2103
2104
2104
2104
2107
2107
2107
2108
2108
2109
211
2110
2116
2116
2117
2119
2120
2120
2121
2122
2126
2127
2128
2131
2132
2132
2132
2137
214
2141
2141
2142
2144
2145
2146
2146
2148
2148
2158
216
2160
2161
2162
2163
2163
2164
2164
2165
2165
2166
2167
2168
217
217
2171
2173
2173
2174
2176
2176
2177
2178
2178
2179
2180
2181
2182
2183
2184
2187
2188
2192
2194
2194
2195
2195
2197
2198
2199
220
2202
2202
2202
2203
2206
2207
2207
2207
221
221
221
2212
2213
2216
2216
2217
2217
2218
2219
222
2222
2223
2229
2229
2237
2243
2243
2244
2245
2247
2248
2251
2253
2253
2257
2257
2259
226
2264
2264
2264
2272
2274
2276
2282
2283
2284
2289
2292
2292
2294
2295
2297
2298
23
2302
2303
2303
2309
2311
2311
2315
2318
2319
2321
2321
2322
2324
2326
2327
233
2330
2330
2331
2332
2334
2339
2340
2342
2342
2346
2346
2347
2348
2349
2350
2350
2351
2352
2353
2354
2358
236
236
2361
2362
2364
2364
2366
2367
2368
237
237
237
2371
2371
2375
2376
2378
2379
2381
2384
2386
2387
2388
2388
239
2391
2394
2395
2396
2396
2402
2405
2405
2412
2413
2417
2419
2423
2423
2424
2426
2426
2427
2433
2435
2435
244
244
2442
2442
2446
2449
245
2451
2456
2458
2462
2463
2464
2468
2468
2468
2469
2471
2473
2478
2479
248
2487
2488
2494
2500
2500
2500
2502
2505
251
2515
2520
2520
2521
2522
2523
2523
2524
2526
2530
2533
2533
2533
2536
2538
2539
254
2540
2545
2545
2546
2547
2547
2550
2551
2551
2551
2552
2554
2556
2564
2564
2568
2572
2579
2579
258
2581
2581
2583
2584
2586
2586
2587
2587
2590
2593
2595
2595
260
2600
2601
2603
2606
2609
2610
2610
2611
2612
2614
2618
2627
2629
2630
2631
2631
2633
2636
2640
2642
2645
2646
2647
2649
2649
2650
2651
2655
2656
2656
2660
2661
2664
2668
267
267
2671
2674
2675
2680
2680
2681
2682
2682
2683
2685
2687
2688
2688
2690
2693
2695
2697
2698
2698
2699
270
270
2700
2701
2702
2703
2703
2704
2704
2709
2710
2711
2716
2718
2719
2720
2723
2723
2726
2726
2728
2729
2734
2737
2740
2741
2741
2748
2749
2749
2758
2759
2759
276
2761
2764
2765
2767
2767
2768
277
2774
2779
2779
2782
2789
2793
2794
2794
2802
2804
2804
2805
2805
2809
2809
2813
2814
2821
2825
2825
2825
2826
2826
2827
2833
2833
2835
2835
2837
2839
2842
2844
285
2850
2855
2857
2859
2860
2863
2870
2870
2873
2875
2877
2879
2886
2886
2888
2889
2891
2894
2895
2897
2902
2903
2904
2905
2907
2909
2910
2910
2913
2913
2913
2914
2914
2919
2920
2921
2925
2925
2927
2928
2928
2931
2936
2939
2942
2943
2944
2947
2954
2960
2962
2967
2969
2975
2975
2976
2978
2979
2979
2983
2986
2988
2994
2994
3
3
3000
3002
3002
3005
3007
3008
3008
3009
3010
3011
3012
3013
3013
3013
3015
3017
3018
3019
3020
3021
3023
3024
3025
3029
3029
3029
3041
3044
3049
3054
3056
3057
306
3061
3063
3064
3065
3066
3071
3076
3076
3078
3086
3088
3089
3089
3090
3091
3092
3095
3098
3099
310
3109
3110
3110
3113
3113
3115
3115
3119
312
3120
3121
3122
3123
3128
3130
3130
3132
3138
3138
3145
3149
3151
3152
3152
3153
3156
3156
3158
3158
3161
3162
3163
3164
3168
317
3171
3174
3179
3179
318
3181
3183
3185
3186
3188
3194
3194
3195
3196
3197
3197
3199
32
320
3209
3211
3218
3219
3223
3225
3227
3229
3230
3230
3234
3234
3239
3246
3246
3255
3255
3256
3257
3259
3259
3264
3266
3268
3271
3272
3274
3274
3274
3275
3276
3279
3280
3280
3283
3284
3288
3289
3290
3291
3292
3294
3296
3298
3299
3299
330
330
3301
3306
3309
3309
3311
3312
3312
3317
332
332
3320
3321
3325
3325
3328
333
3333
3336
3337
3340
3349
3351
3356
3365
3365
3366
3367
3368
3368
3369
337
337
3372
3373
3375
3383
3383
3388
3388
3389
3393
3400
3401
3403
3408
3415
3416
3417
3424
3424
3426
3433
3435
3438
3439
3440
3442
3446
3450
3450
3452
3453
3454
3454
3455
3459
3459
3462
3462
3464
3468
3468
3468
3468
3469
3470
3473
3477
3479
3480
3480
3484
3489
349
349
3491
3493
3494
3498
3499
350
3503
3504
3505
3509
3509
3510
3511
3512
3516
3517
3519
3519
3520
3525
3525
3526
3532
3537
3540
3542
3546
3546
3549
3549
3551
3554
3554
3556
3556
3562
3564
3565
3565
3565
3566
3566
3568
3570
3573
3573
3576
3578
3578
3579
358
3580
3581
3581
3587
3587
3589
3590
3592
3592
3595
3596
3597
3599
3599
3599
360
3607
3607
3608
3613
3618
362
3627
3627
3631
3634
3634
3636
3637
3638
3638
3641
3643
3643
3649
3650
3655
3656
3657
3660
3663
3663
367
3680
3681
3681
3684
3684
3686
3687
3688
369
3690
3693
3694
37
3700
3706
3710
3711
3714
3715
3718
3718
3722
3725
3725
3728
373
373
3732
3734
3735
3736
3740
3741
3741
3742
3744
3746
3756
3757
3762
3767
3769
3771
3772
3773
3774
3778
378
3780
3782
3785
3786
379
3794
3795
38
380
3800
3800
3802
3808
3813
3818
3819
3820
3820
3826
3826
3830
3832
3833
3833
3834
3835
3837
3837
384
3842
3843
3845
3855
3855
3855
3855
3856
3858
3859
386
3861
3866
3869
3870
3874
3876
3881
3882
3884
3885
3886
3887
3887
3887
3890
3890
3891
3893
3895
3899
3903
3903
3906
3911
3911
3911
392
3921
3921
3925
3927
3928
3932
3936
3936
3937
3938
3938
394
3942
3942
3942
3942
3944
3944
3945
3948
3948
3948
3950
3950
3952
3954
3956
3960
3969
3974
3974
3975
3976
3977
3979
398
3989
3991
3998
3998
4000
4003
4011
4012
4013
4019
4021
4021
4023
4024
4025
4028
4029
4031
4032
4033
4035
4037
4041
4042
4047
4049
4052
4055
4057
4057
4059
4063
4064
4065
4066
4071
4073
4074
4075
4076
4077
408
4082
4083
4085
4088
4088
4090
4091
4092
4093
4099
4099
4102
4102
4102
4104
4106
4109
4114
4118
412
412
4120
4128
4128
4131
4134
4134
4139
414
414
4140
4141
4145
4148
4149
4151
4152
4153
4154
4155
4157
4162
4162
4162
4164
4164
4164
4167
4169
4169
4170
4171
4174
4176
4179
4180
4180
4180
4184
4185
4188
4192
4195
4195
4196
4205
4206
4210
4217
4217
4219
4219
422
4224
4224
4224
4225
4226
4227
4233
4233
4241
4243
4244
4248
4249
425
4252
4252
4258
4261
4265
4268
427
4270
4272
4274
4275
4275
4275
4279
4283
4283
4287
429
4290
4292
4294
4295
4297
4297
4297
4297
4302
4303
4304
4305
4307
4307
4308
4311
4319
4319
4320
4322
4324
4326
4328
4328
4329
4331
4334
4339
434
4340
4344
4346
4347
4350
4350
4355
4362
4363
4365
4365
4368
4369
437
437
4374
4377
4378
4381
4383
4385
4388
439
439
4391
4391
4391
4394
4394
4396
4398
4398
4400
4402
4402
4403
4403
4406
4408
4409
4409
4411
4412
4414
4417
4417
4418
4421
4423
4427
443
4431
4436
444
4440
4445
4448
4449
445
4456
4457
4459
4461
4462
4462
4462
4462
4465
447
4470
4476
4478
448
4485
4488
4490
4491
4492
45
450
4502
4506
4509
451
4515
4519
4523
4523
4528
4529
453
4530
4531
4533
4534
4534
4536
454
4540
4540
4541
4541
4543
4545
4547
4549
4551
4552
4553
4554
4557
4557
4559
4563
4565
457
4572
4575
4577
4583
4586
4588
4589
4592
4592
4592
4595
4599
4603
4603
4607
4609
461
4610
4611
4613
4616
4617
4619
4620
4621
4629
4633
4634
4634
4635
4637
4639
4639
4639
464
4647
4649
4650
4654
4655
4664
4669
4669
4673
4673
4673
4676
468
4685
4688
4693
4694
4694
4696
4699
47
470
4700
4701
4702
4703
4709
471
4710
4711
4713
4716
4716
4718
4720
4720
4721
4726
4727
4727
4728
4731
4732
4733
4735
4736
4738
4742
4743
4743
4745
4745
4751
4752
4754
4755
4755
4755
4757
4760
4761
4765
4765
4774
4774
4775
4775
4776
4777
4781
4783
4789
4789
4790
4792
4793
4794
4794
4797
4799
4799
480
480
4801
4808
4820
4821
4822
4826
4827
483
4831
4833
4833
4834
4835
4836
4840
4843
4844
4846
4853
4859
4862
4866
4867
4873
4874
4875
4881
4884
4887
4888
4888
4890
4893
4897
490
4901
4902
4908
491
4911
4911
4912
4913
4914
4915
492
4921
4922
4924
4927
4930
4932
4938
4940
4941
4943
4943
4944
4946
4946
4952
4952
4953
4955
4959
4961
4961
4962
4962
4965
4966
4967
4969
497
4976
4982
4983
4983
4984
4985
4986
4987
4988
4991
4993
4993
500
5004
5004
5004
5006
5006
5007
5009
5009
5011
5012
5012
5012
5013
5015
5016
502
5023
5030
5035
5036
5041
5041
5043
5044
5046
5047
5055
5057
5057
5058
506
5063
5065
5071
5072
5075
5075
5078
508
5081
5092
5093
5099
51
51
510
5100
5100
5103
5108
5109
5110
5111
5112
5112
5116
5117
5119
5120
5122
5123
5123
5126
5127
5128
5130
5133
5133
5134
514
5140
5140
5140
5142
5142
5144
5144
5144
5145
5146
515
5153
5153
5155
5155
5156
5156
5157
516
5160
5163
5163
5165
5167
5167
5168
5169
517
5178
5181
5182
5185
5185
5186
5195
5196
5198
5199
5205
5205
5209
5209
5211
5212
5214
522
5222
5223
5229
5231
5233
5236
5241
5241
5248
525
5252
5254
5261
5261
5264
5265
5266
5268
5269
5269
5273
5279
5279
5283
5283
5287
5289
5294
53
53
53
5302
5308
531
5317
5317
5318
532
5320
5322
5329
5337
5339
5340
5342
5342
5343
5344
5349
5349
535
5352
5355
5357
5358
536
5360
5361
5361
5361
5364
537
5377
538
5383
5384
5388
5389
539
5390
5392
5394
5399
5399
5403
541
5412
5413
5414
5416
5418
5425
5427
5428
5431
5432
5433
5437
5437
5437
5439
5440
5440
5441
5442
5442
5446
5450
5450
5455
5457
5461
5461
5466
5466
5472
5479
5482
5484
5487
5488
5489
5491
5492
5493
5493
5493
5495
5495
5496
5498
5499
5500
5500
5501
5507
5508
5509
5509
5512
5515
5516
5517
5517
5523
5526
5529
5529
5529
553
5530
5540
5544
5544
5546
5546
5547
5552
5552
5553
5553
5556
5557
5560
5563
5567
5568
557
5570
5581
5582
5587
5588
5589
5590
5591
5591
5592
5593
5593
5593
5596
560
560
5600
5604
5605
561
561
5610
5611
5617
5618
5619
5620
5620
5621
5621
5629
563
5630
5632
5634
5634
5636
564
564
5640
5642
5647
5650
5653
5655
5656
5656
5662
5666
5669
5670
5671
5675
5679
568
5681
5685
5696
570
570
5701
5703
5705
5707
5707
5707
5707
571
5714
5714
5720
5722
5724
5726
5727
5728
573
5730
5733
5733
5734
5736
5736
5737
5740
5747
575
5751
5752
5752
5755
5758
576
576
5762
5764
5766
5766
5773
5774
5778
5779
5780
5782
5783
5784
5786
5788
5788
5789
5795
5798
5805
5806
5810
5821
5822
5823
5829
5829
583
5830
5834
5835
5839
584
5842
5849
5851
5853
5855
5858
5862
5862
5864
5865
5865
5866
5867
5871
5873
5875
588
588
5880
5885
5886
5887
5891
5893
5894
5894
5897
590
5900
5901
5907
5912
5913
5913
592
592
5923
5925
5927
5927
5928
5928
5928
5933
5933
5935
5936
5937
5939
594
5940
5946
5946
5948
5952
5953
5955
5955
5956
5956
596
5960
5961
5964
5964
5968
5977
5979
5984
5984
5986
5988
5989
599
5990
5992
5995
5996
5996
5996
6
6002
6003
6004
6005
601
6011
6012
6015
6017
6017
6021
6025
6029
603
6033
6035
6035
6037
6037
6038
6040
6042
6047
6047
6048
605
6050
6054
6056
6058
6059
6059
6063
6064
6067
6068
6069
6073
6078
6079
608
6080
6080
6081
6082
6084
6087
6088
6089
6091
6094
6095
6102
6104
6109
6113
6113
6115
6117
6119
6132
6135
6137
6141
6143
6143
6143
6146
6146
6153
6154
6157
6158
6162
6163
6164
6174
6174
6175
6178
6182
6187
6193
6195
6197
6206
6206
6207
6207
6208
6210
6212
6216
6217
6219
6220
6220
6221
6224
6225
6226
6226
6227
6227
6229
6231
6233
6234
6240
6244
6247
6248
6248
6249
625
6257
6258
6260
6264
6265
6270
6273
6278
6278
6279
6279
6279
6283
6284
6287
6287
6305
6307
6307
6308
6308
631
6310
6314
6315
6317
6318
6318
6323
6324
6325
6327
6327
6327
6329
6330
6331
6335
6339
6339
634
634
6340
6341
6342
6344
6344
6345
6345
6346
635
635
6351
6351
6359
636
636
6361
6361
6365
6369
6370
6371
6376
6378
6379
638
6386
6386
6387
6387
6388
6389
6390
6394
6396
6398
6398
6400
6409
641
641
6414
6415
6417
642
6422
6424
6426
6429
6434
6436
6436
6437
6437
6438
6438
6439
6440
6441
6444
6445
6445
6447
6448
6449
6455
6457
6459
6461
6469
6473
6476
6477
648
6480
6482
6486
6489
6489
6491
6492
6493
6494
6496
6497
6503
6504
6504
6505
6505
6509
6510
6515
6520
6522
6523
6525
6525
6526
6528
6529
6531
6533
6533
6535
6544
6544
6544
6547
6547
6547
6554
6557
6558
6559
6560
6560
6562
6562
6565
6566
6566
6567
6567
6568
6572
6582
6583
6583
6587
6589
6589
6591
6593
6594
6598
660
6601
6602
6605
6606
6610
6615
6620
6624
6624
6624
6626
6627
6627
663
6633
6633
6634
6634
6635
6637
6640
6643
6648
665
6656
6656
6657
6658
6662
6662
6662
6665
6666
6669
6680
6680
6681
6682
6686
6686
6687
6695
6701
6702
6705
6708
6708
6711
6714
6715
6717
6718
6718
6719
6723
6726
6728
673
673
6733
6734
6734
6735
6738
6741
6742
6744
6750
6750
6751
6752
6755
6756
6756
676
6762
6764
6767
6767
677
6770
6773
6776
678
678
6780
6781
6783
6785
6794
6795
6796
6799
6799
68
68
6800
6800
6801
6803
6805
6816
6823
6826
683
6831
6838
6838
6838
6839
684
6844
6845
6847
6849
6849
6856
6859
6859
6859
6860
6861
6863
6871
6872
6872
6873
6874
6877
6880
6885
6885
6886
6887
6889
6891
6896
6897
6898
6901
6902
6904
691
6911
6913
6917
6918
6919
6919
6922
6923
6934
6935
6935
6936
6937
6938
694
6944
6946
6947
695
6951
6958
6959
696
6960
6962
6963
6964
6968
6968
6972
6976
6982
6983
6985
6989
699
6990
6991
6993
6993
6993
6994
6998
7005
7015
7015
7027
7029
703
7030
7031
7033
7033
7034
7034
7037
7037
7039
7047
7048
705
7050
7051
7053
7054
7059
706
7061
7061
7061
7062
7062
7063
7063
7066
7066
7068
7069
7071
7072
7073
7074
7074
7075
7076
7076
7078
708
7080
7095
7097
7098
71
7100
7101
711
7112
7116
712
7120
7121
7125
7126
7130
7130
7131
7132
7132
7133
7135
7141
7144
7145
7145
7146
7146
7147
7150
7152
7154
7155
716
7162
7162
7163
7164
7167
7170
7171
7172
7182
7182
7182
7185
7185
7187
7188
719
7191
7201
7201
7204
7205
721
7213
7217
7221
7221
7221
7222
7222
7224
7225
7225
7225
7228
7233
7233
7234
725
7250
7262
7262
7264
7266
7266
7267
7269
727
7270
7273
7275
7276
7277
7279
7281
7286
7286
7289
7291
7292
7298
7304
7304
7305
7307
7309
7310
7312
7313
7313
7314
7321
7324
7325
7328
7333
7333
7334
7334
7336
7339
7343
7351
7356
736
7362
7365
7367
7367
7368
7368
7369
7369
737
7370
7379
7379
738
7380
7381
7383
7385
7393
7393
7395
7396
7397
7400
7400
7405
7406
7407
7411
7412
7413
7413
742
7421
7423
7424
7427
7427
7429
7429
7429
7430
7431
7439
7442
7442
7443
7446
745
7456
7457
7459
7469
7471
7472
7475
7478
7486
7487
749
7490
7491
7495
7499
7499
75
7506
7508
7512
7513
7513
7514
7515
7515
752
752
7522
7523
7524
7527
7529
7530
7532
7536
7536
754
7543
7545
7548
7549
7552
7559
7560
7561
7562
7565
7573
7573
7574
7576
7579
7582
7583
7584
7585
7588
7591
7595
760
7603
7603
7606
7608
7610
7615
7617
7617
7618
7618
762
7622
7623
7628
7631
7632
7632
7634
7635
7635
7636
7637
7640
7641
7644
7648
7648
7650
7653
7653
7654
7655
7660
7662
7664
7665
7667
7670
7678
7687
769
7691
7692
7696
7704
7704
7705
7706
7710
7711
7711
7712
7717
7718
7718
7719
7721
7727
7728
7729
7734
7740
7741
7742
7742
7742
7743
7744
7744
7744
7744
7748
7749
775
7750
7753
7755
7756
7758
7758
7759
7760
7761
7762
7764
7766
7766
7770
7771
7774
7775
7776
7776
7778
7778
7786
779
779
7791
7792
7792
7792
7793
7795
7796
7799
780
7806
7806
7807
7813
7816
7817
7817
7819
782
7820
7820
7822
7825
7825
7827
7827
7828
7830
7836
7838
7838
784
7842
7844
7846
7847
7848
7849
7849
785
7860
7860
7864
7865
7866
7869
787
7870
7870
7875
7875
7883
7883
7885
7886
7887
789
789
7891
7896
7900
7900
7903
7904
7904
7906
7911
7913
7917
7917
7919
7921
7924
7924
7926
793
7931
7943
7944
7945
7945
7947
7951
7952
7952
7955
7955
7957
7958
7959
796
7962
7963
7966
7969
7972
7972
7974
7977
7979
7979
798
7982
7982
7985
799
7990
7990
7994
7997
7999
800
8004
8007
801
8011
8015
8015
8017
8018
8025
8026
8032
8033
8035
8037
8038
8040
8041
8043
8045
8047
8047
8048
8048
8049
805
8053
8054
8054
8055
8057
8059
8059
8060
8061
8064
8069
8070
8076
8076
8079
8079
808
8080
8082
8086
8087
8089
8090
8091
8092
8097
8098
8099
810
8104
8110
8111
8114
8118
8120
8123
8132
8133
8136
8141
8142
8145
8149
8149
815
8150
8150
8150
8152
8155
8156
8156
8160
8160
8164
8165
8168
817
817
8171
8172
8172
8173
8175
8176
8177
8178
818
8181
8182
8183
8184
819
8193
8196
8197
8199
82
8201
8202
8203
8204
8205
8208
821
8214
8216
8218
8219
8223
8223
8224
8228
8229
8230
8232
8233
8234
8236
8239
824
8240
8248
8249
8252
8252
8255
8258
8258
8260
8260
8260
8263
8268
827
8271
8272
8272
8276
8276
8277
828
828
8287
8287
829
8290
8293
8295
8295
8297
8297
83
83
830
830
8300
8300
8300
8300
8307
831
8313
8314
8315
8315
8318
832
8324
8326
8327
833
8332
8334
8334
8338
8338
8344
8345
8348
835
8352
8356
836
8361
8363
8365
8365
8366
8367
8373
8373
8374
8375
8378
8378
8379
838
8381
8384
8389
8392
8401
8402
8403
8404
8415
8415
8419
8419
8420
8423
8423
8424
8425
8425
8426
8426
8427
8427
8441
8443
8444
8445
8447
8447
8448
8450
8451
8451
8453
8459
8459
8459
8460
8462
8463
8470
8471
8472
8473
8474
8475
8478
8479
8479
848
8482
8488
8490
8492
8496
850
8500
8500
8502
8506
8508
8508
8509
8513
8514
8519
852
8521
8523
8524
8529
8530
8533
8536
8537
8538
8538
8540
8546
8548
8553
8554
8556
8557
8559
856
8562
8564
8565
8566
8567
857
8573
8574
8576
8578
858
8582
8582
8584
8584
8588
8594
8598
8598
8601
8601
8603
8605
8605
8609
861
8617
862
8622
8624
8626
8627
8628
8628
863
8631
8632
8638
8645
8650
8650
8650
8651
8651
8652
8659
8665
8670
8670
8675
8675
8677
8678
8680
8682
8684
869
869
8691
8693
87
8701
8704
8706
8707
8711
8713
8717
872
8722
8724
8724
8731
8734
8734
8738
8738
8740
8742
8743
8743
8746
8749
875
8750
8753
8754
8755
8755
8760
8763
8763
8770
8774
8776
8778
8779
8779
8779
8782
8782
8791
8792
8793
8795
8797
88
8800
8808
881
8810
8811
8814
8815
8816
8816
8818
8818
8822
8822
8823
8828
883
883
8832
8838
8838
8845
8846
8848
885
886
8861
8862
8865
8868
8869
8869
887
887
8871
8877
8877
8878
8881
8885
8885
8887
8891
8893
8894
8894
8895
8896
8898
8899
890
8900
8902
8902
8903
8903
8905
8905
8911
8911
8912
8913
8915
8915
8918
8918
8921
8925
8933
8933
8934
8937
8938
8939
894
894
894
8940
8941
8946
8948
8949
8953
8955
8955
8956
8956
8957
8960
8964
8968
8969
8971
8974
8975
8982
8982
8983
8995
8996
8997
8998
8998
9
9000
9001
9001
9004
9005
9007
9009
9009
901
9010
9010
9012
9014
9015
9016
9017
9018
902
9022
9022
9023
9024
9025
9026
9032
9034
9034
9036
9037
9040
9042
9042
9043
9052
9063
9064
9065
9068
9069
9069
9070
9070
9070
9073
908
9080
9082
9083
9089
9092
9095
9095
9096
9098
9099
9099
910
9106
9106
9107
9110
9112
9116
9118
9119
912
9120
9122
9122
9123
9123
9125
9125
9127
9130
9131
9132
9134
9135
9136
9138
9139
9143
9144
9147
9150
9151
9152
9154
9156
9157
9158
9160
9164
9165
9165
9165
9167
9168
9169
917
9171
9177
9178
9179
9187
9192
9194
9198
9198
92
9200
9200
9203
9204
9205
9207
921
921
9211
9211
9212
9213
9213
9214
9215
9216
9218
9220
9221
9221
9223
9227
9230
9231
9232
9234
9235
9236
9237
9241
9243
9245
9246
9248
9249
9255
926
9261
9261
9261
9261
9262
9264
9266
9266
9268
9271
9271
9275
9276
9280
9280
9283
9283
9286
9289
929
9290
9292
9294
9295
9295
9297
9298
9303
9305
9309
9309
9310
9317
9319
9320
9321
9323
9325
9325
9329
933
9331
9334
9336
934
934
934
9340
9340
9343
9344
9345
9346
9348
9349
9353
9353
936
9361
9366
9367
9370
9370
9371
9371
9379
9381
9382
9384
9385
9386
9388
9395
9397
9398
9403
9404
9405
9412
9414
9415
9418
9421
9422
943
9431
9433
9434
9434
9438
9438
944
944
9441
9442
9443
945
9451
9454
9455
9456
9457
946
946
9460
9460
9461
9462
9465
9469
947
9473
9473
9474
9474
9477
9478
9478
948
9480
9483
9485
9489
9489
949
9493
9494
9495
9495
95
95
9500
9501
9505
9506
9506
9507
9513
9515
9515
9515
9517
9517
9519
9519
9522
9524
953
9532
9546
9549
9558
9561
9562
9568
9571
9571
9571
9573
9576
9577
958
9581
9582
9583
9583
9587
9587
9590
9592
9594
96
960
9601
9605
9610
9611
9613
9615
9616
9617
962
9620
9621
9624
9625
9628
9629
963
964
964
9640
9641
9641
9643
9644
9650
9651
9656
9657
9659
9661
9661
9662
9662
9663
9663
9663
9666
9667
9668
9669
9671
9672
9675
9675
9680
9681
9682
9686
9689
9690
9693
9697
9699
9699
97
9700
9702
9705
9710
9710
9717
9720
9720
9725
9725
9726
9726
9727
973
9730
9734
9735
9737
9737
974
9741
9743
9747
9747
9747
9754
9760
9761
9763
9765
9765
9768
9778
9781
9784
9793
9794
9796
9796
98
980
9801
9803
9803
9807
9809
981
981
9810
9814
9819
9821
9822
9824
9825
9828
983
9831
9835
9840
9843
9846
9847
9850
9851
9854
9857
9858
9864
987
9870
9871
9876
9879
9879
988
988
9880
9880
9884
989
9894
9896
9897
9903
9911
9914
9914
9915
9918
9920
9921
9925
9926
9928
9934
9936
9937
9937
9939
9940
9942
9943
9946
9946
9952
9953
9953
9955
9956
9957
996
9967
9967
9969
997
997
9970
9971
9973
9976
9977
9978
9980
9981
9984
9985
9987
9987
9993
9995
