6143
6146
6146
6153
6154
6157
6158
6162
6163
6164
6174
6174
6175
6178
6182
6187
6193
6195
6197
6206
6206
6207
6207
6208
6210
6212
6216
6217
6219
6220
6220
6221
6224
6225
6226
6226
6227
6227
6229
6231
6233
6234
6240
6244
6247
6248
6248
6249
625
6257
6258
6260
6264
6265
6270
6273
6278
6278
6279
6279
6279
6283
6284
6287
6287
6305
6307
6307
6308
6308
631
6310
6314
6315
6317
6318
6318
6323
6324
6325
6327
6327
6327
6329
6330
6331
6335
6339
6339
634
634
6340
6341
6342
6344
6344
6345
6345
6346
635
635
6351
6351
6359
636
636
6361
6361
6365
6369
6370
6371
6376
6378
6379
638
6386
6386
6387
6387
6388
6389
6390
6394
6396
6398
6398
6400
6409
641
641
6414
6415
6417
642
6422
6424
6426
6429
6434
6436
6436
6437
6437
6438
6438
6439
6440
6441
6444
6445
6445
6447
6448
6449
6455
6457
6459
6461
6469
6473
6476
6477
648
6480
6482
6486
6489
6489
6491
6492
6493
6494
6496
6497
6503
6504
6504
6505
6505
6509
6510
6515
6520
6522
6523
6525
6525
6526
6528
6529
6531
6533
6533
6535
6544
6544
6544
6547
6547
6547
6554
6557
6558
6559
6560
6560
6562
6562
6565
6566
6566
6567
6567
6568
6572
6582
6583
6583
6587
6589
6589
6591
6593
6594
6598
660
6601
6602
6605
6606
6610
6615
6620
6624
6624
6624
6626
6627
6627
663
6633
6633
6634
6634
6635
6637
6640
6643
6648
665
6656
6656
6657
6658
6662
6662
6662
6665
6666
6669
6680
6680
6681
6682
6686
6686
6687
6695
6701
6702
6705
6708
6708
6711
6714
6715
6717
6718
6718
6719
6723
6726
6728
673
673
6733
6734
6734
6735
6738
6741
6742
6744
6750
6750
6751
6752
6755
6756
6756
676
6762
6764
6767
6767
677
6770
6773
6776
678
678
6780
6781
6783
6785
6794
6795
6796
6799
6799
68
68
6800
6800
6801
6803
6805
6816
6823
6826
683
6831
6838
6838
6838
6839
684
6844
6845
6847
6849
6849
6856
6859
6859
6859
6860
6861
6863
6871
6872
6872
6873
6874
6877
6880
6885
6885
6886
6887
6889
6891
6896
6897
6898
6901
6902
6904
691
6911
6913
6917
6918
6919
6919
6922
6923
6934
6935
6935
6936
6937
6938
694
6944
6946
6947
695
6951
6958
6959
696
6960
6962
6963
6964
6968
6968
6972
6976
6982
6983
6985
6989
699
6990
6991
6993
6993
6993
6994
6998
7005
7015
7015
7027
7029
703
7030
7031
7033
7033
7034
7034
7037
7037
7039
7047
7048
705
7050
7051
7053
7054
7059
706
7061
7061
7061
7062
7062
7063
7063
7066
7066
7068
7069
7071
7072
7073
7074
7074
7075
7076
7076
7078
708
7080
7095
7097
7098
71
7100
7101
711
7112
7116
712
7120
7121
7125
7126
7130
7130
7131
7132
7132
7133
7135
7141
7144
7145
7145
7146
7146
7147
7150
7152
7154
7155
716
7162
7162
7163
7164
7167
7170
7171
7172
7182
7182
7182
7185
7185
7187
7188
719
7191
7201
7201
7204
7205
721
7213
7217
7221
7221
7221
7222
7222
7224
7225
7225
7225
7228
7233
7233
7234
725
7250
7262
7262
7264
7266
7266
7267
7269
727
7270
7273
7275
7276
7277
7279
7281
7286
7286
7289
7291
7292
7298
7304
7304
7305
7307
7309
7310
7312
7313
7313
7314
7321
7324
7325
7328
7333
7333
7334
7334
7336
7339
7343
7351
7356
736
7362
7365
7367
7367
7368
7368
7369
7369
737
7370
7379
7379
738
7380
7381
7383
7385
7393
7393
7395
7396
7397
7400
7400
7405
7406
7407
7411
7412
7413
7413
742
7421
7423
7424
7427
7427
7429
7429
7429
7430
7431
7439
7442
7442
7443
7446
745
7456
7457
7459
7469
7471
7472
7475
7478
7486
7487
749
7490
7491
7495
7499
7499
75
7506
7508
7512
7513
7513
7514
7515
7515
752
752
7522
7523
7524
7527
7529
7530
7532
7536
7536
754
7543
7545
7548
7549
7552
7559
7560
7561
7562
7565
7573
7573
7574
7576
7579
7582
7583
7584
7585
7588
7591
7595
760
7603
7603
7606
7608
7610
7615
7617
7617
7618
7618
762
7622
7623
7628
7631
7632
7632
7634
7635
7635
7636
7637
7640
7641
7644
7648
7648
7650
7653
7653
7654
7655
7660
7662
7664
7665
7667
7670
7678
7687
769
7691
7692
7696
7704
7704
7705
7706
7710
7711
7711
7712
7717
7718
7718
7719
7721
7727
7728
7729
7734
7740
7741
7742
7742
7742
7743
7744
7744
7744
7744
7748
7749
775
7750
7753
7755
7756
7758
7758
7759
7760
7761
7762
7764
7766
7766
7770
7771
7774
7775
7776
7776
7778
7778
7786
779
779
7791
7792
7792
7792
7793
7795
7796
7799
780
7806
7806
7807
7813
7816
7817
7817
7819
782
7820
7820
7822
7825
7825
7827
7827
7828
7830
7836
7838
7838
784
7842
7844
7846
7847
7848
7849
7849
785
7860
7860
7864
7865
7866
7869
787
7870
7870
7875
7875
7883
7883
7885
7886
7887
789
789
7891
7896
7900
7900
7903
7904
7904
7906
7911
7913
7917
7917
7919
7921
7924
7924
7926
793
7931
7943
7944
7945
7945
7947
7951
7952
7952
7955
7955
7957
7958
7959
796
7962
7963
7966
7969
7972
7972
7974
7977
7979
7979
798
7982
7982
7985
799
7990
7990
7994
7997
7999
800
8004
8007
801
8011
8015
8015
8017
8018
8025
8026
8032
8033
8035
8037
8038
8040
8041
8043
8045
8047
8047
8048
8048
8049
805
8053
8054
8054
8055
8057
8059
8059
8060
8061
8064
8069
8070
8076
8076
8079
8079
808
8080
8082
8086
8087
8089
8090
8091
8092
8097
8098
8099
810
8104
8110
8111
8114
8118
8120
8123
8132
8133
8136
8141
8142
8145
8149
8149
815
8150
8150
8150
8152
8155
8156
8156
8160
8160
8164
8165
8168
817
817
8171
8172
8172
8173
8175
8176
8177
8178
818
8181
8182
8183
8184
819
8193
8196
8197
8199
82
8201
8202
8203
8204
8205
8208
821
8214
8216
8218
8219
8223
8223
8224
8228
8229
8230
8232
8233
8234
8236
8239
824
8240
8248
8249
8252
8252
8255
8258
8258
8260
8260
8260
8263
8268
827
8271
8272
8272
8276
8276
8277
828
828
8287
8287
829
8290
8293
8295
8295
8297
8297
83
83
830
830
8300
8300
8300
8300
8307
831
8313
8314
8315
8315
8318
832
8324
8326
8327
833
8332
8334
8334
8338
8338
8344
8345
8348
835
8352
8356
836
8361
8363
8365
8365
8366
8367
8373
8373
8374
8375
8378
8378
8379
838
8381
8384
8389
8392
8401
8402
8403
8404
8415
8415
8419
8419
8420
8423
8423
8424
8425
8425
8426
8426
8427
8427
8441
8443
8444
8445
8447
8447
8448
8450
8451
8451
8453
8459
8459
8459
8460
8462
8463
8470
8471
8472
8473
8474
8475
8478
8479
8479
848
8482
8488
8490
8492
8496
850
8500
8500
8502
8506
8508
8508
8509
8513
8514
8519
852
8521
8523
8524
8529
8530
8533
8536
8537
8538
8538
8540
8546
8548
8553
8554
8556
8557
8559
856
8562
8564
8565
8566
8567
857
8573
8574
8576
8578
858
8582
8582
8584
8584
8588
8594
8598
8598
8601
8601
8603
8605
8605
8609
861
8617
862
8622
8624
8626
8627
8628
8628
863
8631
8632
8638
8645
8650
8650
8650
8651
8651
8652
8659
8665
8670
8670
8675
8675
8677
8678
8680
8682
8684
869
869
8691
8693
87
8701
8704
8706
8707
8711
8713
8717
872
8722
8724
8724
8731
8734
8734
8738
8738
8740
8742
8743
8743
8746
8749
875
8750
8753
8754
8755
8755
8760
8763
8763
8770
8774
8776
8778
8779
8779
8779
8782
8782
8791
8792
8793
8795
8797
88
8800
8808
881
8810
8811
8814
8815
8816
8816
8818
8818
8822
8822
8823
8828
883
883
8832
8838
8838
8845
8846
8848
885
886
8861
8862
8865
8868
8869
8869
887
887
8871
8877
8877
8878
8881
8885
8885
8887
8891
8893
8894
8894
8895
8896
8898
8899
890
8900
8902
8902
8903
8903
8905
8905
8911
8911
8912
8913
8915
8915
8918
8918
8921
8925
8933
8933
8934
8937
8938
8939
894
894
894
8940
8941
8946
8948
8949
8953
8955
8955
8956
8956
8957
8960
8964
8968
8969
8971
8974
8975
8982
8982
8983
8995
8996
8997
8998
8998
9
9000
9001
9001
9004
9005
9007
9009
9009
901
9010
9010
9012
9014
9015
9016
9017
9018
902
9022
9022
9023
9024
9025
9026
9032
9034
9034
9036
9037
9040
9042
9042
9043
9052
9063
9064
9065
9068
9069
9069
9070
9070
9070
9073
908
9080
9082
9083
9089
9092
9095
9095
9096
9098
9099
9099
910
9106
9106
9107
9110
9112
9116
9118
9119
912
9120
9122
9122
9123
9123
9125
9125
9127
9130
9131
9132
9134
9135
9136
9138
9139
9143
9144
9147
9150
9151
9152
9154
9156
9157
9158
9160
9164
9165
9165
9165
9167
9168
9169
917
9171
9177
9178
9179
9187
9192
9194
9198
9198
92
9200
9200
9203
9204
9205
9207
921
921
9211
9211
9212
9213
9213
9214
9215
9216
9218
9220
9221
9221
9223
9227
9230
9231
9232
9234
9235
9236
9237
9241
9243
9245
9246
9248
9249
9255
926
9261
9261
9261
9261
9262
9264
9266
9266
9268
9271
9271
9275
9276
9280
9280
9283
9283
9286
9289
929
9290
9292
9294
9295
9295
9297
9298
9303
9305
9309
9309
9310
9317
9319
9320
9321
9323
9325
9325
9329
933
9331
9334
9336
934
934
934
9340
9340
9343
9344
9345
9346
9348
9349
9353
9353
936
9361
9366
9367
9370
9370
9371
9371
9379
9381
9382
9384
9385
9386
9388
9395
9397
9398
9403
9404
9405
9412
9414
9415
9418
9421
9422
943
9431
9433
9434
9434
9438
9438
944
944
9441
9442
9443
945
9451
9454
9455
9456
9457
946
946
9460
9460
9461
9462
9465
9469
947
9473
9473
9474
9474
9477
9478
9478
948
9480
9483
9485
9489
9489
949
9493
9494
9495
9495
95
95
9500
9501
9505
9506
9506
9507
9513
9515
9515
9515
9517
9517
9519
9519
9522
9524
953
9532
9546
9549
9558
9561
9562
9568
9571
9571
9571
9573
9576
9577
958
9581
9582
9583
9583
9587
9587
9590
9592
9594
96
960
9601
9605
9610
9611
9613
9615
9616
9617
962
9620
9621
9624
9625
9628
9629
963
964
964
9640
9641
9641
9643
9644
9650
9651
9656
9657
9659
9661
9661
9662
9662
9663
9663
9663
9666
9667
9668
9669
9671
9672
9675
9675
9680
9681
9682
9686
9689
9690
9693
9697
9699
9699
97
9700
9702
9705
9710
9710
9717
9720
9720
9725
9725
9726
9726
9727
973
9730
9734
9735
9737
9737
974
9741
9743
9747
9747
9747
9754
9760
9761
9763
9765
9765
9768
9778
9781
9784
9793
9794
9796
9796
98
980
9801
9803
9803
9807
9809
981
981
9810
9814
9819
9821
9822
9824
9825
9828
983
9831
9835
9840
9843
9846
9847
9850
9851
9854
9857
9858
9864
987
9870
9871
9876
9879
9879
988
988
9880
9880
9884
989
9894
9896
9897
9903
9911
9914
9914
9915
9918
9920
9921
9925
9926
9928
9934
9936
9937
9937
9939
9940
9942
9943
9946
9946
9952
9953
9953
9955
9956
9957
996
9967
9967
9969
997
997
9970
9971
9973
9976
9977
9978
9980
9981
9984
9985
9987
9987
9993
9995
