1
1000
1004
1008
101
1010
1010
1014
1014
1016
1020
1024
1024
1024
1025
1028
103
103
1031
1032
1036
1039
104
1040
1052
1056
1057
106
106
1061
1061
1062
1062
1064
1065
1068
1069
1070
1070
1070
1072
1073
1074
1074
1078
1080
1081
1082
1083
1086
1088
1090
1090
1092
1100
1103
1103
1104
1109
1110
1112
1114
1115
1115
1118
1119
1120
1125
113
1130
1132
1133
1133
1136
1138
1142
1142
1146
1147
1148
1149
115
1154
1155
1156
1164
1166
1168
118
1180
1181
1182
1183
1184
1186
1186
1189
1191
1193
1195
1197
120
1201
1202
1210
1211
1211
1213
1217
1218
1221
1221
1222
1223
1223
1226
1229
1232
1233
1237
1239
1242
1243
1247
1247
1247
1249
125
1250
1252
1253
1254
1257
127
1270
1271
1273
1273
1273
1274
1284
1285
1289
1293
1298
1299
1302
1302
1304
1308
1309
1310
1314
1315
1317
1317
1317
1318
132
1321
1327
1336
1339
1340
1343
1345
1345
1347
1355
1355
1357
136
1360
1363
1373
1375
1377
1382
1385
1386
1389
139
1409
1414
1416
1416
1417
1418
1420
1420
1423
1424
1426
1427
1428
1428
1429
1429
143
1436
1437
144
1441
1450
1450
1451
1454
1461
1463
1468
1473
1474
1480
1481
1488
149
1490
1495
1495
1497
1497
150
1500
1501
1506
1506
1507
1509
1511
1515
152
1521
1525
1527
1527
1527
1536
1537
1537
1538
1538
1540
1540
1544
1544
1546
1547
1547
1549
155
1550
1550
1551
1551
1553
1555
1556
1559
1560
1563
1566
157
1570
1571
1572
1572
1573
1574
1578
158
1580
1580
1581
1585
1588
159
1590
1591
1593
1595
1598
16
1600
161
1611
1611
1612
1618
1622
1624
1626
163
1631
1632
1638
1639
164
1642
1643
1649
165
165
1652
1652
1654
1655
1655
1655
1658
1658
166
166
1661
1663
1664
1666
1666
1666
1668
1669
167
1675
1675
1675
1677
1678
1685
1686
1690
1698
1699
17
1703
1705
171
1712
1714
1722
1723
1723
1724
1728
173
1730
1732
1733
1736
1738
1741
1741
1744
1745
1749
175
1750
1751
1754
1754
176
1763
1764
1765
1766
1767
1768
177
177
177
1771
1773
1775
1776
1778
1778
1783
1787
1790
1791
1792
1793
1793
1796
1797
1797
1800
1803
1807
1807
1809
1809
1811
1816
1818
1821
1821
1824
1826
1827
1828
1829
1829
1830
1830
1835
1836
1837
1840
1842
1845
1848
1849
1851
1852
1855
1855
1855
1858
1861
1862
1863
1863
1864
1865
1866
1866
1869
1871
1873
1876
1877
1878
1882
1882
1886
1890
1890
1891
1897
1900
1901
1903
1904
1906
1909
191
1910
1911
1912
1914
1916
1916
1919
1922
1926
1933
1936
1941
1943
1951
1951
1952
1954
1954
1955
1956
1957
1962
1963
1965
1968
1971
1971
1973
1975
1977
198
1982
1984
1986
199
1992
1997
2000
2003
2004
2005
2006
2006
2009
201
2013
2016
2018
2021
2023
2024
2024
2024
2031
2032
2037
2037
2041
2042
2045
2046
2052
2056
2057
2057
2060
2060
2061
2064
2065
2067
2069
2069
2069
207
2070
2076
2080
2080
2081
2082
2084
2084
2085
2088
2093
2096
21
210
2100
2101
2103
2104
2104
2104
2107
2107
2107
2108
2108
2109
211
2110
2116
2116
2117
2119
2120
2120
2121
2122
2126
2127
2128
2131
2132
2132
2132
2137
214
2141
2141
2142
2144
2145
2146
2146
2148
2148
2158
216
2160
2161
2162
2163
2163
2164
2164
2165
2165
2166
2167
2168
217
217
2171
2173
2173
2174
2176
2176
2177
2178
2178
2179
2180
2181
2182
2183
2184
2187
2188
2192
2194
2194
2195
2195
2197
2198
2199
220
2202
2202
2202
2203
2206
2207
2207
2207
221
221
221
2212
2213
2216
2216
2217
2217
2218
2219
222
2222
2223
2229
2229
2237
2243
2243
2244
2245
2247
2248
2251
2253
2253
2257
2257
2259
226
2264
2264
2264
2272
2274
2276
2282
2283
2284
2289
2292
2292
2294
2295
2297
2298
23
2302
2303
2303
2309
2311
2311
2315
2318
2319
2321
2321
2322
2324
2326
2327
233
2330
2330
2331
2332
2334
2339
2340
2342
2342
2346
2346
2347
2348
2349
2350
2350
2351
2352
2353
2354
2358
236
236
2361
2362
2364
2364
2366
2367
2368
237
237
237
2371
2371
2375
2376
2378
2379
2381
2384
2386
2387
2388
2388
239
2391
2394
2395
2396
2396
2402
2405
2405
2412
2413
2417
2419
2423
2423
2424
2426
2426
2427
2433
2435
2435
244
244
2442
2442
2446
2449
245
2451
2456
2458
2462
2463
2464
2468
2468
2468
2469
2471
2473
2478
2479
248
2487
2488
2494
2500
2500
2500
2502
2505
251
2515
2520
2520
2521
2522
2523
2523
2524
2526
2530
2533
2533
2533
2536
2538
2539
254
2540
2545
2545
2546
2547
2547
2550
2551
2551
2551
2552
2554
2556
2564
2564
2568
2572
2579
2579
258
2581
2581
2583
2584
2586
2586
2587
2587
2590
2593
2595
2595
260
2600
2601
2603
2606
2609
2610
2610
2611
2612
2614
2618
2627
2629
2630
2631
2631
2633
2636
2640
2642
2645
2646
2647
2649
2649
2650
2651
2655
2656
2656
2660
2661
2664
2668
267
267
2671
2674
2675
2680
2680
2681
2682
2682
2683
2685
2687
2688
2688
2690
2693
2695
2697
2698
2698
2699
270
270
2700
2701
2702
2703
2703
2704
2704
2709
2710
2711
2716
2718
2719
2720
2723
2723
2726
2726
2728
2729
2734
2737
2740
2741
2741
2748
2749
2749
2758
2759
2759
276
2761
2764
2765
2767
2767
2768
277
2774
2779
2779
2782
2789
2793
2794
2794
2802
2804
2804
2805
2805
2809
2809
2813
2814
2821
2825
2825
2825
2826
2826
2827
2833
2833
2835
2835
2837
2839
2842
2844
285
2850
2855
2857
2859
2860
2863
2870
2870
2873
2875
2877
2879
2886
2886
2888
2889
2891
2894
2895
2897
2902
2903
2904
2905
2907
2909
2910
2910
2913
2913
2913
2914
2914
2919
2920
2921
2925
2925
2927
2928
2928
2931
2936
2939
2942
2943
2944
2947
2954
2960
2962
2967
2969
2975
2975
2976
2978
2979
2979
2983
2986
2988
2994
2994
3
3
3000
3002
3002
3005
3007
3008
3008
3009
3010
3011
3012
3013
3013
3013
3015
3017
3018
3019
3020
3021
3023
3024
3025
3029
3029
3029
3041
3044
3049
3054
3056
3057
306
3061
3063
3064
3065
3066
3071
3076
3076
3078
3086
3088
3089
3089
3090
3091
3092
3095
3098
3099
310
3109
3110
3110
3113
3113
3115
3115
3119
312
3120
3121
3122
3123
3128
3130
3130
3132
3138
3138
3145
3149
3151
3152
3152
3153
3156
3156
3158
3158
3161
3162
3163
3164
3168
317
3171
3174
3179
3179
318
3181
3183
3185
3186
3188
3194
3194
3195
3196
3197
3197
3199
32
320
3209
3211
3218
3219
3223
3225
3227
3229
3230
3230
3234
3234
3239
3246
3246
3255
3255
3256
3257
3259
3259
3264
3266
3268
3271
3272
3274
3274
3274
3275
3276
3279
3280
3280
3283
3284
3288
3289
3290
3291
3292
3294
3296
3298
3299
3299
330
330
3301
3306
3309
3309
3311
3312
3312
3317
332
332
3320
3321
3325
3325
3328
333
3333
3336
3337
3340
3349
3351
3356
3365
3365
3366
3367
3368
3368
3369
337
337
3372
3373
3375
3383
3383
3388
3388
3389
3393
3400
3401
3403
3408
3415
3416
3417
3424
3424
3426
3433
3435
3438
3439
3440
3442
3446
3450
3450
3452
3453
3454
3454
3455
3459
3459
3462
3462
3464
3468
3468
3468
3468
3469
3470
3473
3477
3479
3480
3480
3484
3489
349
349
3491
3493
3494
3498
3499
350
3503
3504
3505
3509
3509
3510
3511
3512
3516
3517
3519
3519
3520
3525
3525
3526
3532
3537
3540
3542
3546
3546
3549
3549
3551
3554
3554
3556
3556
3562
3564
3565
3565
3565
3566
3566
3568
3570
3573
3573
3576
3578
3578
3579
358
3580
3581
3581
3587
3587
3589
3590
3592
3592
3595
3596
3597
3599
3599
3599
360
3607
3607
3608
3613
3618
362
3627
3627
3631
3634
3634
3636
3637
3638
3638
3641
3643
3643
3649
3650
3655
3656
3657
3660
3663
3663
367
3680
3681
3681
3684
3684
3686
3687
3688
369
3690
3693
3694
37
3700
3706
3710
3711
3714
3715
3718
3718
3722
3725
3725
3728
373
373
3732
3734
3735
3736
3740
3741
3741
3742
3744
3746
3756
3757
3762
3767
3769
3771
3772
3773
3774
3778
378
3780
3782
3785
3786
379
3794
3795
38
380
3800
3800
3802
3808
3813
3818
3819
3820
3820
3826
3826
3830
3832
3833
3833
3834
3835
3837
3837
384
3842
3843
3845
3855
3855
3855
3855
3856
3858
3859
386
3861
3866
3869
3870
3874
3876
3881
3882
3884
3885
3886
3887
3887
3887
3890
3890
3891
3893
3895
3899
3903
3903
3906
3911
3911
3911
392
3921
3921
3925
3927
3928
3932
3936
3936
3937
3938
3938
394
3942
3942
3942
3942
3944
3944
3945
3948
3948
3948
3950
3950
3952
3954
3956
3960
3969
3974
3974
3975
3976
3977
3979
398
3989
3991
3998
3998
4000
4003
4011
4012
4013
4019
4021
4021
4023
4024
4025
4028
4029
4031
4032
4033
4035
4037
4041
4042
4047
4049
4052
4055
4057
4057
4059
4063
4064
4065
4066
4071
4073
4074
4075
4076
4077
408
4082
4083
4085
4088
4088
4090
4091
4092
4093
4099
4099
4102
4102
4102
4104
4106
4109
4114
4118
412
412
4120
4128
4128
4131
4134
4134
4139
414
414
4140
4141
4145
4148
4149
4151
4152
4153
4154
4155
4157
4162
4162
4162
4164
4164
4164
4167
4169
4169
4170
4171
4174
4176
4179
4180
4180
4180
4184
4185
4188
4192
4195
4195
4196
4205
4206
4210
4217
4217
4219
4219
422
4224
4224
4224
4225
4226
4227
4233
4233
4241
4243
4244
4248
4249
425
4252
4252
4258
4261
4265
4268
427
4270
4272
4274
4275
4275
4275
4279
4283
4283
4287
429
4290
4292
4294
4295
4297
4297
4297
4297
4302
4303
4304
4305
4307
4307
4308
4311
4319
4319
4320
4322
4324
4326
4328
4328
4329
4331
4334
4339
434
4340
4344
4346
4347
4350
4350
4355
4362
4363
4365
4365
4368
4369
437
437
4374
4377
4378
4381
4383
4385
4388
439
439
4391
4391
4391
4394
4394
4396
4398
4398
4400
4402
4402
4403
4403
4406
4408
4409
4409
4411
4412
4414
4417
4417
4418
4421
4423
4427
443
4431
4436
444
4440
4445
4448
4449
445
4456
4457
4459
4461
4462
4462
4462
4462
4465
447
4470
4476
4478
448
4485
4488
4490
4491
4492
45
450
4502
4506
4509
451
4515
4519
4523
4523
4528
4529
453
4530
4531
4533
4534
4534
4536
454
4540
4540
4541
4541
4543
4545
4547
4549
4551
4552
4553
4554
4557
4557
4559
4563
4565
457
4572
4575
4577
4583
4586
4588
4589
4592
4592
4592
4595
4599
4603
4603
4607
4609
461
4610
4611
4613
4616
4617
4619
4620
4621
4629
4633
4634
4634
4635
4637
4639
4639
4639
464
4647
4649
4650
4654
4655
4664
4669
4669
4673
4673
4673
4676
468
4685
4688
4693
4694
4694
4696
4699
47
470
4700
4701
4702
4703
4709
471
4710
4711
4713
4716
4716
4718
4720
4720
4721
4726
4727
4727
4728
4731
4732
4733
4735
4736
4738
4742
4743
4743
4745
4745
4751
4752
4754
4755
4755
4755
4757
4760
4761
4765
4765
4774
4774
4775
4775
4776
4777
4781
4783
4789
4789
4790
4792
4793
4794
4794
4797
4799
4799
480
480
4801
4808
4820
4821
4822
4826
4827
483
4831
4833
4833
4834
4835
4836
4840
4843
4844
4846
4853
4859
4862
4866
4867
4873
4874
4875
4881
4884
4887
4888
4888
4890
4893
4897
490
4901
4902
4908
491
4911
4911
4912
4913
4914
4915
492
4921
4922
4924
4927
4930
4932
4938
4940
4941
4943
4943
4944
4946
4946
4952
4952
4953
4955
4959
4961
4961
4962
4962
4965
4966
4967
4969
497
4976
4982
4983
4983
4984
4985
4986
4987
4988
4991
4993
4993
500
5004
5004
5004
5006
5006
5007
5009
5009
5011
5012
5012
5012
5013
5015
5016
502
5023
5030
5035
5036
5041
5041
5043
5044
5046
5047
5055
5057
5057
5058
506
5063
5065
5071
5072
5075
5075
5078
508
5081
5092
5093
5099
51
51
510
5100
5100
5103
5108
5109
5110
5111
5112
5112
5116
5117
5119
5120
5122
5123
5123
5126
5127
5128
5130
5133
5133
5134
514
5140
5140
5140
5142
5142
5144
5144
5144
5145
5146
515
5153
5153
5155
5155
5156
5156
5157
516
5160
5163
5163
5165
5167
5167
5168
5169
517
5178
5181
5182
5185
5185
5186
5195
5196
5198
5199
5205
5205
5209
5209
5211
5212
5214
522
5222
5223
5229
5231
5233
5236
5241
5241
5248
525
5252
5254
5261
5261
5264
5265
5266
5268
5269
5269
5273
5279
5279
5283
5283
5287
5289
5294
53
53
53
5302
5308
531
5317
5317
5318
532
5320
5322
5329
5337
5339
5340
5342
5342
5343
5344
5349
5349
535
5352
5355
5357
5358
536
5360
5361
5361
5361
5364
537
5377
538
5383
5384
5388
5389
539
5390
5392
5394
5399
5399
5403
541
5412
5413
5414
5416
5418
5425
5427
5428
5431
5432
5433
5437
5437
5437
5439
5440
5440
5441
5442
5442
5446
5450
5450
5455
5457
5461
5461
5466
5466
5472
5479
5482
5484
5487
5488
5489
5491
5492
5493
5493
5493
5495
5495
5496
5498
5499
5500
5500
5501
5507
5508
5509
5509
5512
5515
5516
5517
5517
5523
5526
5529
5529
5529
553
5530
5540
5544
5544
5546
5546
5547
5552
5552
5553
5553
5556
5557
5560
5563
5567
5568
557
5570
5581
5582
5587
5588
5589
5590
5591
5591
5592
5593
5593
5593
5596
560
560
5600
5604
5605
561
561
5610
5611
5617
5618
5619
5620
5620
5621
5621
5629
563
5630
5632
5634
5634
5636
564
564
5640
5642
5647
5650
5653
5655
5656
5656
5662
5666
5669
5670
5671
5675
5679
568
5681
5685
5696
570
570
5701
5703
5705
5707
5707
5707
5707
571
5714
5714
5720
5722
5724
5726
5727
5728
573
5730
5733
5733
5734
5736
5736
5737
5740
5747
575
5751
5752
5752
5755
5758
576
576
5762
5764
5766
5766
5773
5774
5778
5779
5780
5782
5783
5784
5786
5788
5788
5789
5795
5798
5805
5806
5810
5821
5822
5823
5829
5829
583
5830
5834
5835
5839
584
5842
5849
5851
5853
5855
5858
5862
5862
5864
5865
5865
5866
5867
5871
5873
5875
588
588
5880
5885
5886
5887
5891
5893
5894
5894
5897
590
5900
5901
5907
5912
5913
5913
592
592
5923
5925
5927
5927
5928
5928
5928
5933
5933
5935
5936
5937
5939
594
5940
5946
5946
5948
5952
5953
5955
5955
5956
5956
596
5960
5961
5964
5964
5968
5977
5979
5984
5984
5986
5988
5989
599
5990
5992
5995
5996
5996
5996
6
6002
6003
6004
6005
601
6011
6012
6015
6017
6017
6021
6025
6029
603
6033
6035
6035
6037
6037
6038
6040
6042
6047
6047
6048
605
6050
6054
6056
6058
6059
6059
6063
6064
6067
6068
6069
6073
6078
6079
608
6080
6080
6081
6082
6084
6087
6088
6089
6091
6094
6095
6102
6104
6109
6113
6113
6115
6117
6119
6132
6135
6137
6141
6143
6143
